5000
6228366
5755278
1265795
52535
5422202
2058166
6824311
3910195
9198503
3453539
9377499
8299927
9303481
8268796
5753754
3571533
9896647
4038374
5156565
9083256
7740346
1841996
4645177
1923244
5554481
6637454
7030628
784220
2626039
5601357
581061
6608259
1650390
5533475
292938
2690076
306036
9475258
7137573
4111150
7699625
982600
6673185
731534
3565724
438711
3579701
9837375
316584
1777268
8331682
4143136
3234339
7981951
8952401
3484959
612541
9362295
8310652
3184609
2949541
5706522
8409636
1963594
1781822
1231122
7027125
7764737
3819796
5479159
5941825
2652971
8362497
5170802
9244675
9875741
648477
3880001
5796048
9195020
1691229
9447767
4750577
8483126
6591987
2748791
2135085
8334619
6403350
4340779
3638744
8020938
2564638
5409459
337315
2827321
9824615
6226974
4132537
5417520
7425431
6329831
4795596
952646
3714865
7886545
9130475
8067273
6876615
4173150
4436450
761047
661746
8171565
878648
7622137
1774490
4241489
8881199
819749
2537987
697971
3469732
5926193
9923424
8635865
6859440
5209797
9351353
1184038
1068495
384892
7494306
8833859
459892
329729
695934
6209237
164140
9744353
2358406
2917216
9253451
2233381
3067476
3490318
9153427
1818244
8866479
4976556
5782811
7598637
7287626
3581748
5950765
5543335
9164023
1495040
9652018
8953852
8134609
4902660
6794726
2548763
3714832
9394085
4099789
897453
5278063
8568592
1622513
8460752
5989716
9466255
4856612
759981
1598412
2311969
2987328
4102987
4384813
3356259
3014694
8259126
7065616
9675378
2661917
7917739
1516703
8963778
2193547
1187167
1086031
1053017
18571
2279180
485561
5535302
5841125
1139205
1336359
2180506
1601794
4093840
2705802
3710615
9496880
6549125
8709734
8487337
3717691
6862833
4059808
8289809
6357649
7072145
6129623
7002166
6589702
5401880
8270957
5092280
6287554
3185869
176149
5462491
8924145
8856039
9704021
6609949
2359465
4087127
7739898
38587
615546
1850486
2509464
9017122
8926450
7622936
9751010
6838405
3660989
7477521
2281430
2722840
9738954
3806633
2135459
3288809
6545012
8963084
2072593
3015035
6452912
1401555
2480153
7243795
6322794
989048
2009034
7411125
7041917
5802922
2378929
5174853
1546715
220283
8843821
2888577
5281411
3525858
5136098
8777017
6879414
9685327
9948474
4679387
8969039
771268
4870164
1634205
1242236
77710
2750700
6637531
7610013
9257749
9886491
6562042
6209828
8099596
5415367
1092139
7762072
2147696
6938115
8398153
8752719
2493903
947419
2817164
3000217
4936908
4377352
3743677
4114681
9768966
569951
3246880
8189774
3302946
9166725
9132353
7175255
4076624
5529298
1712837
8102258
4882227
6057252
5396798
5296510
7529805
7259827
227151
1825755
9200030
9104899
6617928
4294912
6613603
1076527
1071982
3820666
4719392
6715785
135648
5550504
8186831
5586050
4894410
5394535
7389465
5542105
935369
2813969
2735223
7837378
3011796
1183486
3908343
2121980
9962719
7764937
3318960
5009515
7335647
7309175
8342748
9752234
7064744
8719130
2295033
2249527
1673224
7205758
6243347
5994262
7459908
9651618
2840336
9470905
7926178
8048929
562783
6406442
869250
6416560
8526526
3928797
8091484
4520124
5061391
9730587
8422568
8617422
4556679
9476115
4974887
5867775
1674579
3183079
2728513
2538295
4771389
1421188
9304119
5102841
5749161
3173498
8113928
7055049
9415005
5831053
8244604
6875894
5713985
3425023
8581735
5884442
156341
9637501
7083358
7870630
569405
6333268
6539317
7516525
6206677
448791
3134263
4856950
2638101
8876118
3783507
8036292
9419774
2667874
8091202
2218650
7507005
2035835
3445913
5459955
4887611
8405827
215208
1175392
8531687
9501599
8810019
9145583
2577389
47215
4594615
6554141
921186
7621779
5337324
8397599
9317884
5709701
7398325
5116604
7093676
8689957
8110939
2973090
5179920
8984964
5148932
903955
2982716
7003030
293634
4860649
781299
9074812
8903746
9044701
7661886
3437967
1676033
6260609
1336456
6631300
9370176
9947596
150002
4246421
932568
214634
6092038
7232309
9857370
6999847
1909369
9648556
6741025
3235431
5112590
397917
1821657
7708809
1940390
9890961
7085116
1713838
8102605
6298705
6220926
227775
9704163
4586858
9758377
1047520
4303790
9967586
4048105
2556518
8097388
2010209
5484576
2712595
951271
1378423
9388472
1932422
1026290
9007388
8305573
855314
2931046
1495119
1820551
4740237
6151692
3129324
1973165
5073635
1334334
4191998
8766326
8195674
4182798
8420402
5908600
6052226
8503797
9136155
726014
5797050
891086
3629920
403117
2037523
7946656
3513723
4877674
2091950
7986148
2550528
1342046
6767627
9038473
6915129
2882950
9111199
1434485
8653065
8263583
9744187
4230488
5756593
6024257
6254073
5249587
9799007
496486
5609916
7788730
6005475
9968930
3467317
8683791
124517
3436147
6433731
8051080
9619410
9520464
3862841
9183549
3831854
7740328
8189614
5031549
1727004
3454764
5379107
8292464
6235276
4212301
7445684
1241600
8230339
4333134
5389064
2812981
1518190
8053487
5867972
499844
4987777
575890
6317220
2500761
3055462
4049934
5010778
9257138
9869616
293171
347530
6625874
3701717
904757
8646626
5656891
654372
9982354
4172965
4885974
9205515
632350
5055083
115998
4341710
9469839
6026135
6828332
9386654
4637559
4943898
1695585
8518195
7017932
5432160
1313834
8090451
2899716
1516870
1335386
1916977
2990664
1009503
4852758
2976681
5867894
5385091
5538766
2684953
2716687
8142219
9671237
6855805
307580
9320794
3081856
1467895
1525020
8938331
4151885
8389497
136225
7166079
1361599
3222693
8860406
6480949
4698425
2047320
4144045
309422
4738661
6695332
1436917
893067
1823917
7111790
3053893
7781849
7946898
537936
4135506
7865441
2747000
2481825
3944513
2424429
2601352
471553
8231624
8863605
783204
1073338
4118013
7645624
2761421
3670759
8215086
920041
5364617
9309846
4236068
6060283
1921814
8747298
6495896
2510427
9516691
4442450
727157
5408527
9236825
7687252
5697019
5458010
4071881
4487289
7764519
3185359
6292945
9013268
5382941
5556939
445237
9032094
2874145
5620276
6307253
7348744
9535689
6866236
4688648
4571444
5149287
8506483
796486
3109830
7598283
630223
3156223
4206106
4418613
4608776
7037903
7040397
500135
6273378
9820154
5570052
7785603
5229683
9833729
9858556
7008854
9587355
3075922
1003454
537033
7267900
91983
5063678
5898571
121001
8303637
7620542
4175768
2906844
619510
2950790
2104739
5771135
203101
4921205
5690588
7580452
3372447
5946370
5816384
2330782
8646065
5250742
3806338
7571506
8051842
4181790
1366059
8473117
6325790
8627223
4084706
924075
6205651
4201634
9196461
1086806
6356070
3121115
6182970
4080492
955213
8167257
2044326
8351491
5577370
3898092
5637091
2175143
7764929
7925950
547207
5472337
7682516
7200638
9458873
1021646
4557090
8388985
89285
9003561
9739794
2613629
654044
7106330
3566661
3290334
9572092
3140002
9760986
1708380
543241
2786587
5367233
651847
1011130
7413833
9656615
1507808
1894573
447061
1001123
850650
9657761
3886614
3901629
5469132
4365409
7286331
4310067
4400882
3133808
3366115
3698254
4979289
3090842
5495752
4325356
6446486
3954711
7829461
8271270
4402130
5569552
4757228
6191935
7090975
9871415
750505
3620681
1985802
4698403
1342331
4662073
3841582
2892602
8907560
9187817
9574858
4444385
1955976
2196391
4395048
8232270
662379
334475
5550774
9261901
1626915
4426990
8013324
7743424
2650423
2657140
6762439
9937696
1378661
8222385
2805339
4456837
5627671
8699160
8673732
106064
3990354
8766434
4019795
1883730
5130417
3724401
7752980
5675126
9308339
2258170
8158023
9842213
9070943
488503
4263601
3669102
3398177
8989302
1753845
2975835
8429785
386963
1230421
8852285
2610074
7720190
5294558
563640
6922417
4779164
1557382
3974210
4312752
9647833
5269822
1816106
6492804
1063948
7335304
2150670
2962989
6643524
7091675
861974
3495613
6664231
826881
5831400
5999095
2582181
6819272
3869541
2903575
2692018
4903315
282940
6027640
1098216
6266759
7388608
3378816
8625770
3748314
849623
4325543
6569691
9137219
7970805
7882112
9614963
837037
5657905
8822187
5723143
2910194
1642729
3567792
3130795
4259606
9694909
3309511
2132491
8111979
822508
129396
9043338
2227083
6401745
6719965
555755
63322
9471227
7967484
4306351
3762168
8872661
1335463
4309036
8694820
9185506
6192366
6472734
5118271
5784756
1951537
7238376
1634161
8585445
5483391
3692314
7378863
9859861
3213332
6642332
5925396
5235188
6606240
5508005
4582609
7063467
4528247
6173505
8211194
3361907
6775738
5750081
17454
2111434
1278053
4045833
7674320
453604
4744106
8883161
4857622
6750842
2658669
8224465
1945368
5733784
4882099
697757
7668787
61677
8072263
7724619
1113630
3284825
5832771
6633600
9216566
360080
2154007
3340242
6312604
2181464
1971681
4850252
9565952
2613602
1297982
5402253
3730589
4074637
9782688
6997634
1148507
935961
6272299
421452
5275531
4485901
3909058
7815646
2422960
4334408
2448635
896988
7413837
7997503
835811
5312216
3167123
64879
6242375
2008467
347498
869900
1385336
1775669
9677170
2769341
3158927
9324909
6304784
6029593
7326618
3471639
391774
1698381
4286848
186501
916505
7048161
5061872
3786789
1910247
4689872
3060170
4256187
8063852
3559863
625891
560446
1858786
4690270
1155332
751172
642412
6717866
9561028
3621006
5107650
4455899
3767576
345950
6145253
9345288
3843899
3132791
1183244
998514
8441636
3873852
5566613
1174755
5470945
2520926
241634
1186013
3703349
4019619
7085569
1467078
8302640
1346086
1033078
1140539
8327050
2776007
516325
5557086
3176791
6785908
6345368
6521968
2589896
9696066
4067792
6892476
4225930
3184662
1058158
5400301
9104927
6263396
1226270
4388785
7804480
3670322
2119803
6602968
4284056
9108659
1190053
6069408
5468700
2318319
2036616
1542101
5620333
5692503
3649818
4645451
1639964
4642385
5381016
4224534
2608755
6509797
9642049
5630281
5047537
682452
1006562
9694897
6840363
7684376
1418382
684443
6315986
2494384
1616450
4890202
3213013
7831607
7386252
9506184
8054058
1245352
5445402
5924824
4251316
376724
5892267
5329074
3490742
856411
3701518
2178973
7498061
8997875
1756388
4906151
3781779
8252689
9832236
5901558
6460766
3904572
2266475
6951008
8292536
2377059
9991966
822126
2553175
6867605
8325398
572372
9203008
9566183
1195057
6673627
6291624
6958900
5889522
7593507
7168032
8771724
3272964
775845
7825112
9936783
4728258
7427359
5351143
7481352
4822403
7790816
1259151
8359305
4218158
2023227
450852
9759863
6324251
6247561
8004120
3483635
8096442
6750467
9623651
5669132
2979974
2895352
2607501
9079029
5276023
7979255
9072352
7094621
1689651
8036777
9706113
2410552
8777144
2160163
7478571
49668
1524593
1723676
5478960
7062202
7841139
4161602
6354964
9682512
7217656
1947882
201767
9642166
2487444
8934181
6986224
4581040
3142458
3899416
3134554
9181806
6920427
8815686
5525572
563675
886384
4294318
9474637
1236512
1210504
3452441
9212002
6335796
2532379
1537658
2491004
6384354
5676449
7086286
6551298
2396037
9817752
661904
1205103
7584926
3097485
846954
3303651
2076800
125858
3272431
9995205
2557739
9536963
6427363
3698391
4744443
2221295
7803328
6822875
7291758
5608796
9247543
6922670
5697801
8766037
7899920
8715911
473697
4603588
2028118
8301457
7155051
9377794
6549327
9036319
4412405
3395239
8224366
5126852
2475471
3883991
1721320
4409441
3003599
4185290
5008059
3817
2633683
9670703
2429315
2860188
8773919
1429529
1203958
7250905
7843053
6889653
7246853
6461717
6198964
4322352
2816172
9011513
1668906
9584586
2245103
9896752
6747931
2989705
8276953
4524396
4203795
9828605
3809149
3380803
3591175
4044833
5323700
6780567
7713636
9568176
8465662
4733585
6877398
7541499
2343216
6099981
7000850
1117909
639698
9637867
4345919
8554731
9425849
7582163
9161889
8446156
7589516
1877158
2325193
7095010
846654
263948
8850446
6467098
5769782
1679506
2568294
2396929
6823082
9226912
3353748
9135762
8811430
3228532
1463532
4889779
7448848
6644072
2385243
1271055
9560238
7821337
1199274
1264266
9661534
8607119
9043287
1057770
4527395
349150
1468595
1700477
4294619
727820
768008
7879282
9216256
2127430
5712076
5239933
8158014
3263098
194696
5320402
4236031
4762663
4041309
4804520
724496
4840350
1565506
4262730
8157100
7762160
266504
9861776
311092
1404172
3633249
847455
545383
4078981
6977244
3026328
959483
1926120
8529036
4770214
1098064
2561855
2599162
3385354
7700211
3619065
9224599
8045881
4240938
2191817
9041060
112799
4729216
1911071
6930343
4627141
9218943
4590579
6186244
9386324
7537121
2575163
520605
2302018
3664225
2524429
8131260
8626405
2588576
9781980
7257252
7748815
4143303
8366764
5071238
5375356
4989511
7699879
1017783
4203478
3144545
3606534
6877298
9389126
3485350
1783019
1717926
8041574
4320027
2659210
386455
6080193
1571571
2560461
3723528
5578499
5517351
6207512
2598297
2751061
7374223
2332612
1486362
2247194
6076490
4274465
525234
1338293
4082687
1687936
1920259
5530690
1749644
1585860
5666611
4568766
6932415
7320980
8096177
5807941
9548536
6870206
2858857
8727311
2065340
3188075
9762661
4915387
9858682
9835971
1132487
8748313
7413329
2570691
7750980
526719
1209096
3027300
7484012
1931867
1218609
7786822
249796
1877223
2848520
1163222
7503410
9629241
5913378
9821782
5375926
7029670
2306035
7300056
7859331
995276
510490
8153574
9994107
8313914
9763987
8377579
9501131
3618666
9059643
5707679
597475
2710042
2234879
300443
7423558
7303
1936005
4118067
5943607
6905794
6678193
7521417
8024425
6499293
3136359
5811492
6913036
7665178
5989345
8039154
7894634
959802
6655111
3998301
3367145
5212616
3520156
2651951
6401893
8572592
2151957
69561
8173064
4638126
8878878
5178671
7616137
4589468
3716789
8778474
2273410
1593406
8901512
8338577
9436535
91468
535345
9620387
7302727
8456749
3251681
1970535
5892728
7691229
2756915
8092966
5190485
5633526
4661587
6421487
5270987
1187452
6268107
3809569
6522316
9285414
7437089
6057970
526238
550383
5133351
4804785
1226505
8582181
5085601
5891236
3078598
4414324
9597409
9279237
724216
4409612
8741685
5405499
8328065
6568130
1610346
3084773
562860
7917250
8216036
5145
2220710
3882682
9197467
9535809
2602648
1724496
6582523
4265568
4818500
740848
9743149
8811908
1483983
9398330
736647
9704873
3700808
215967
2919721
4470426
2674914
1931305
6523733
9706086
4814719
1053575
3891452
787276
1210265
8200150
7733224
758827
3821152
5344878
2998790
7401135
7126194
2795070
5996882
2981865
3197572
3818501
9452928
4447741
8951537
3365819
6005994
4494057
6176817
2620462
1939104
5446270
1556155
6393213
4805216
7184693
7651543
6736485
4952000
6699182
239986
5986490
8159877
4536072
9916586
6469449
8161445
3476029
7574616
1878566
9904243
9238749
9767740
9993591
9407630
8659695
2160898
5891030
9869653
1292265
1698419
4534590
3582826
966380
7071860
3601361
8241555
1803879
8952481
8873462
453918
9030713
1533199
9808158
66435
5675644
7193796
9371262
2310303
5980275
8311782
6358512
992584
3108201
5065941
2250529
2556904
1081478
4705480
2397578
5253875
6706795
5134737
9140178
1177803
4786043
5679072
945767
1114841
8984577
9021005
9858752
9343084
7501116
8109146
8561205
6251162
3630120
2720608
7546872
467512
6661903
1948432
1239278
5340365
5351163
4393536
386913
9013202
6309284
6066381
5151877
9652756
3141605
5192429
1141032
9016212
5928070
9557797
4345806
2068853
7057607
3935512
2884459
6910502
9362235
2919206
5923664
6912937
4876596
4778725
1628359
6848250
9073298
578420
6419717
3618618
7969476
3479525
2522924
5382276
4964933
1614711
4442762
3471759
6330131
9623279
6173801
8981646
3772415
9660783
6829746
5956689
6076275
5783623
357058
8252695
7352718
1877673
6754796
2410555
8948085
964526
5511464
3541735
4168504
8079646
3612567
9979695
1125700
5438238
1949394
7379750
7504581
7053361
6700150
7185188
4053176
1685511
7224792
6098047
163144
7072151
9305728
6404810
9991750
190344
8093499
5189742
1522894
5588025
8356
962284
794852
19088
120182
1938190
8762834
8729611
9528888
1514411
2658765
8078288
2997082
9904260
5947800
1391764
7242332
9318587
6711074
4810359
7335239
4793863
6423807
8819697
2274395
5132657
9662269
8903399
3732428
3854388
4639197
3171529
4297168
3747062
6369738
9911759
2666807
8662826
5548574
9301975
9056254
330356
5659815
978863
2430927
6833546
2483984
7438907
147958
7096615
9904680
5555775
7558093
6397040
2047816
7081569
317405
4994643
9977849
6079979
2571949
8844302
1660084
8182886
2977604
9153662
1921490
1905605
8390708
2712363
8518947
8941334
7373655
6423350
4299827
384710
8711040
7483885
655615
7778180
644959
3723070
1920874
5192779
2819112
2825038
527878
7183250
8478149
5849720
3955655
9888933
4219740
6964849
5909837
4218912
3340020
3324451
63489
8257718
7430768
5570429
9625771
5518478
9069594
3610281
9746636
6039845
8409401
4725401
4586194
575706
2685249
6624371
3245640
3145406
509995
2831860
8286711
121593
9717960
1466240
2332773
2887743
536134
2252806
810421
7392350
1683328
1518560
2961229
5817500
80735
6572082
8605819
6125911
1936650
9757403
5855898
8674218
4912310
9369449
6584834
2325616
1053909
30120
5040514
3378483
2943032
6653953
5442711
2358084
4906258
7567742
1028807
5302181
1371256
351035
1030959
3292800
6955865
6518999
3950023
5420366
6371284
7088065
257484
3321970
8035039
2673712
4045501
1299820
1138543
932874
9695458
8510881
2097803
765061
7243430
7246541
7708114
2213758
2379239
1314149
6023908
9113367
6085486
6102470
5990951
3028596
7472995
9399252
4811778
3589003
3165094
9417073
9844854
5379517
1478604
9061953
1078264
6631835
65557
7994342
3302156
9329593
384452
7837830
2650371
8610665
1435366
1975891
1193416
9298789
7613340
3557683
8319827
7395173
3249442
699902
7003078
7597123
1188375
7497242
1743445
3649870
8190790
9522604
5140418
6296056
5000012
6022362
5994243
3542163
7352606
2122496
3100711
2394437
3319522
1571868
910690
8147120
7430152
6198320
5924796
7303838
781402
8232801
1447250
4323760
8175984
6152795
1931816
6107627
9297511
4499734
8106040
7441500
1927203
2981269
2230629
1096518
2182852
78294
4086126
5758342
4062766
2612184
5948935
6179425
5694976
4613763
7636703
3653393
5283087
9328793
882509
5882006
5646955
415831
128320
4198554
5028319
7686914
236047
9797055
5538740
8645748
2594754
8484790
6670572
6965399
9836809
5050177
708494
2771662
4181138
2045458
9672857
3232291
2172359
8932257
1526900
8427496
2959954
7026642
2729646
2937401
3060914
2653062
2956726
9486171
5683215
261805
6753565
8005003
6730059
7897436
628471
7249935
1908950
777864
2437003
2693154
8285902
9091709
8584149
6756891
5186260
4892010
1410261
3188035
1722509
8935819
6756637
4758640
1500523
9669920
672255
8540365
2491203
3618774
2502114
6471857
2946553
9763892
4689418
2250079
5675597
8417255
7302539
3555713
6195026
5702324
9389551
1905825
7235097
4000394
4332181
823150
467215
7555673
5964952
287380
4917276
122890
8134281
9662182
5081843
6616779
6227708
8528600
6572531
9845163
9994925
6573363
976833
7966763
2884066
7318076
1976921
9259669
237034
5066612
1362753
3643852
1494725
9994750
6090622
2220966
3869952
7110288
4230552
6652580
9252068
9490788
2124028
1852583
8923294
587237
6571571
9262398
3932681
6349220
5230123
1520975
8396841
283774
3718310
3104697
9757151
631172
1165820
3857655
2462591
5931473
1259397
6270173
7944464
9845932
8373826
407417
421344
9124764
4332079
5481168
5231897
3320339
2250914
4891455
8515793
6175739
6668838
5827632
7231237
2413588
4544119
5645971
3974833
7373906
286888
3704188
9773048
4954961
4908528
939204
9234164
7406617
4801572
9198271
6342349
6719777
3994873
5961014
5503819
6796505
515086
2708178
9308394
5760246
1091563
6341854
2187012
9357033
5273231
2798952
3397631
8001197
1573970
3302417
9249203
2868404
7350372
3279034
228609
5164211
6016523
8824587
8636591
6569354
9356396
2100851
4390842
7779551
8473677
2330973
5805383
9464835
7351225
1303056
1783632
4958357
2086268
762146
84161
5842256
3955272
5512348
7235973
3976178
7017835
7286214
8888550
5129013
101486
527326
8559582
9996847
7961828
7227013
5652206
4971785
2383949
6406521
2406026
9617391
1460066
7231131
4279300
263815
8981527
8438350
1702160
6799808
4532277
6785368
4205267
737211
9417779
9504514
4021793
6952153
3744407
262127
9321511
9963700
2784151
9794016
4925523
5528891
6782191
7047390
1415766
7847076
7681755
8376719
2170344
1113931
6837241
6419115
2017628
5559289
5883207
3354928
4637026
8833943
4041510
1028347
5135570
5190672
7930330
6637592
6861903
4127755
2369017
8652296
372794
2726903
8234939
1082718
9465209
8019207
4744652
723696
9411811
9422456
3585932
2891397
2072435
8429393
655684
1377304
7258012
3696606
8459569
5681388
4728492
3277122
5299719
1995771
1101834
5924706
9238741
933800
9883005
9087393
1246462
403583
7873866
1207014
374424
7445134
1616478
3159780
8353661
2052936
3163753
4179290
864822
195786
1296373
5893336
7920938
7788334
6167079
768924
4609245
6716703
1791425
2626945
3497422
1813266
4951748
104709
2782341
7056104
7039178
1364168
4840725
2566319
9705341
2237729
9553614
9816183
8169580
5221982
2536622
8634850
3817126
2486424
8412510
980108
4861424
6077460
5785545
5388769
5078922
1428047
6704279
6408405
9423194
165042
7456775
2592201
9440638
8624081
7618889
8288572
8497957
8355542
9058810
3985228
9409792
1304971
4043102
6249356
2492389
9730532
3367656
8517485
474149
1660761
1364435
3598440
8738034
2302046
1550729
7734921
3571997
1348511
6327692
2282925
3361784
2900792
4325717
8709309
543053
8165105
6890740
8748900
5536736
8822394
3359453
9996793
5347864
5651322
6574378
2031888
5596799
3231314
5749069
9961729
1212848
1032477
8015933
9647397
9530736
4031633
3867830
560043
6660853
5897453
6503641
8074542
8019789
1980380
4335494
4770666
3445527
2874070
6392810
4454855
1191158
1282053
6256403
1012890
3800693
1187474
7507778
978153
9306451
5528883
2069047
5718897
6055443
65666
6379308
485323
9569790
3071402
8424289
8523051
6579270
4191259
3086630
5851702
574415
4556322
2944005
7361251
9170890
1453301
4036552
464037
3337982
5991257
2465375
2620414
8023456
9068945
317091
9655906
190545
7980730
720868
658368
5960715
7245999
6741487
1593233
6956797
4784054
4044649
2769285
7746182
7627816
7403521
2536456
8194816
442953
5955745
8973403
3335623
9764009
3206887
3950385
2377833
2465589
4650188
2590831
5586851
5066595
9010544
4053551
4563988
8221939
5679659
9874403
57982
8430818
2109936
8123261
5969337
9603009
3602800
8993672
3042135
497061
4480368
5691487
3836842
7275385
2340729
8898437
8918596
7252451
5803784
1319352
4288083
9106379
700483
284948
4004798
5411922
6055954
5994621
8762215
2027563
4495747
6769616
8947242
2818222
4601475
3380436
9413803
9015170
3973234
1285721
8332975
8933267
1788922
7397828
8327202
6688350
8569208
7144190
5093001
6600907
9031980
2606897
3044387
5591451
5164039
3472027
4905797
5677833
7340871
2940409
4896822
5115033
7932553
2570680
2185783
2592436
17597
5058833
460247
5095761
4055348
2426254
7109756
8127251
4850828
6101857
9678779
9837745
6038768
2463668
4488603
8464142
7651824
8293869
779036
7551973
5684050
4066907
5615042
3457110
8020791
1405658
9885895
1989392
4105680
4607610
2557882
8920292
7026031
1079657
5250436
6605097
4217251
8519246
9781079
8754365
7828248
3834423
961829
3825722
2777924
734777
3516501
1576116
2348147
1595950
485837
5576215
4749158
756939
9263640
197823
1998078
6111303
2720729
3185020
1578047
622623
163953
9125909
2298187
3905581
4510278
8475451
4904420
2413874
8739685
7179717
5288667
1830999
8076842
9755212
4983497
1598799
59629
6100416
2276528
1986891
2834801
275020
8293479
8743315
5385601
6249517
2135103
9961370
1419786
1295769
4562314
6237124
5488147
5308760
3508034
5420081
8413797
4461938
3425936
3561381
4330841
7506801
3464033
6811503
2313197
7216959
5846630
1789411
7057550
4329986
2924531
6255272
6329908
7338170
7846147
7774117
5657217
3562266
1632509
629617
1921706
1124868
6527278
3896716
599386
8182743
4445590
5763331
408607
3437891
8874453
4430968
6336514
9720964
3509934
2536192
4961542
6407792
3442444
7149670
8976617
9782471
5770394
882743
8372695
4406857
3984367
9713231
2083742
1936564
2155007
8862950
3220059
9064470
313281
30051
58078
1197868
7036284
5876317
6403683
1520946
1532148
6767399
1400192
8656616
9214412
7912884
4377220
1592449
8469706
5970200
5207471
8709242
6056106
3096195
1960115
6542665
3543873
9377459
5164964
8736147
8640651
1514128
7261662
6643788
2944848
1351313
9415887
5015724
9539829
5207944
3030895
9599346
1161430
1919007
3885198
4559004
6538826
3761127
7033107
9226550
4011971
8230922
3443089
3458663
101529
4731526
7404291
1250179
7336043
3865781
7544568
4516390
4313944
6755301
1883678
233070
9043933
8855058
7401648
1910554
7327855
3105740
1846423
4299852
8108404
6553738
8864869
9650131
1249576
720032
195677
8152727
440669
4363519
7556879
6246709
8910910
6821941
3432384
2928369
4129335
2433112
4876070
7409440
2132913
4520838
2536551
6307519
9233864
7416802
2106263
2684060
6390220
6190503
9552931
3094937
7431401
2218177
109217
3907726
5825314
9938409
3404873
1031527
2060532
6151027
1979858
5807623
8304201
3572187
8890329
8542451
135821
3500072
4728282
4647007
9770194
9895688
6697285
7519510
9150913
6902703
2238770
270106
1574025
3508327
3082064
3917764
3161774
9701638
9549017
8068803
9081983
893198
8465423
62600
9651713
2854705
1557658
815524
5175205
7743343
5251524
4999280
4094599
1241885
6998668
7993803
7134896
1064973
1618575
7026088
9693650
4767408
534759
2460176
5693443
7561623
6772729
3647105
4898379
9715271
3930635
1907463
6773545
9702179
6204017
6968606
3647019
5509898
2963815
6786856
2905780
7122759
7927928
3791072
4181480
5154913
78325
3297388
3189201
6190618
5439375
2531903
9901225
5518626
9411783
4265488
6660043
8959889
2144828
1105
6615435
7415416
6685124
2754419
4477319
2918204
4758613
1766710
9772503
691504
5480928
7853308
909943
1474184
3693456
852360
7781667
4741792
7753251
7229962
8243072
3583964
5912208
724523
7856857
7136786
8698334
7771988
7995522
5001201
2085589
4781320
3238540
910830
5328074
9730080
7049004
7818600
6004042
9361803
8384064
1721181
8434086
4343487
7682503
7301221
4625296
1197472
9686076
7042374
708252
5376421
6435642
1585545
3066824
6526413
7706426
278760
8879372
7620567
6598765
1806045
7318152
7594529
8591636
6056931
1746213
7431836
5806384
8800808
8867435
1721258
7790188
7550681
8023247
1179640
6264203
8422647
9585532
1722644
9613229
2167386
4737514
8908564
9641103
9536615
5493891
3774962
4243338
1521705
9912524
184768
4850092
8966419
6253607
5133588
20814
8683685
9150343
1656558
3880716
6784022
4301683
8975880
2771537
5955955
4831163
1607424
1213088
7946953
709678
2273505
2111847
8591766
8252695
745244
4917984
9428856
1954158
3873610
9101026
8537866
9534127
225961
6303643
3169723
4552117
9281174
6417485
3545820
4134584
4660222
9797193
6957291
1829028
5907390
1405974
8635404
4677465
4266684
4745725
667121
9140428
687342
70355
6343816
9044441
4485500
5363825
4465649
9095037
9218273
7082681
3909261
7317859
5433138
6652349
2302356
6950611
1524406
1077914
5987896
8319215
9845320
9702227
9298564
4442283
9624578
935716
980467
4802988
11187
1445291
7610762
1263718
3612186
4392668
1232090
584982
8590179
3608881
1619256
4761579
535711
5860117
1638140
3834731
2645315
5254252
8331
6217111
7185793
2929945
9767249
6171398
7783503
7846981
719522
8983819
9887706
1379006
7180153
6672423
8851782
8077297
4316224
8545235
2792400
9139188
3278119
8612199
5742217
3649247
6036032
3731061
1002186
962680
4888486
8660218
3032061
4974489
6132372
9869771
2211091
8078425
7993940
7815085
7850340
7987543
4493303
5455708
404372
3121828
6991889
767100
4198952
1133359
2928716
6998881
8256246
4202227
2208943
5569263
3005827
1081775
4084328
392780
5994613
7226593
6291836
2969455
9668784
3944155
4426446
8910130
4495439
8371447
5808885
4137270
7148014
6527978
5490899
5573943
7881314
8889722
1065843
3196755
7209704
3102728
7358314
6930654
5892080
6471579
6124372
4107519
2033542
6260360
6984951
3843572
5739019
2581812
8689800
3832385
3195093
3303197
2500299
5548108
6172643
5876590
2775750
753346
6689366
8445471
7912226
4926738
342852
6528273
9157923
2518342
977751
2317761
1661231
7050381
31233
6546608
8798363
820264
9190417
8818628
539476
5897239
5132544
5083106
3147743
8840442
1964467
7507100
3696324
266136
1770899
2037328
6408530
4775055
1685643
4687511
8946052
6178293
4807244
9311869
1693535
2819228
9034079
4907570
6672840
1892218
4182610
9224711
167308
6646949
6487536
8232017
1752921
4034027
4433641
1327731
1155230
5230532
8305588
1350271
4608379
7914497
7417351
1261455
6625867
5476797
6211963
9479851
7368685
7911255
7617539
5160782
2854570
2822475
6577548
3847903
1040119
9607430
9856521
7000209
3698224
2811584
2056001
7491404
9485861
5630128
3689607
9769994
1641404
6532627
7733462
6052357
5459961
2084566
8343001
3739419
3030348
1225047
1636974
6389543
6320435
2615757
1280615
7821534
6380618
4895986
1387234
5132148
7164249
7736641
645699
2923006
5156507
6491836
7404296
7634492
4326411
3414610
2640176
317949
5448050
4316688
9138737
5677342
675779
6708006
7447835
7322280
3756343
1717184
5777552
132756
6392822
2984462
4947674
703817
8677245
9161721
8731191
1868547
8672409
583764
7863847
3077923
5239987
4087931
9923955
3815805
7974148
6391560
4626808
6903912
8245909
7876239
9204655
479730
2838720
8841024
1540315
7649437
6237456
2434326
667456
826626
9072285
2617064
7573619
8197609
3655943
2013179
7275127
7035095
5920209
2813479
6283231
549271
257551
4261620
2078026
8293000
943965
4118611
1792777
7379482
2437621
4182225
5237641
8615726
9754008
5439835
8332104
3036701
745902
1634885
4972164
2294366
3045757
7432771
7199717
576464
6546589
3045900
7144855
7019889
6914140
8052702
9757600
9633119
7795465
8559007
5456917
2131637
367896
8365839
659905
6645314
9823070
9290763
4906361
577942
3048810
5206779
9253487
1971323
7657912
1809626
7304539
209519
9659630
32532
8904061
3928152
2087935
6503571
8513432
2269993
2455401
6277827
8618861
4566006
3861327
9279195
4428117
5845562
2077743
169280
1312221
4253391
3971459
278496
4735534
5978483
8243610
368843
3070905
81744
1314604
8004771
4578962
9122494
1046264
8856903
2410357
2102748
9678048
6004852
9231450
8718517
4352416
125429
8828044
833856
830540
9328948
9358504
9140161
4666700
6704705
8408786
5177458
7063345
3341862
8793379
44573
2696339
7549471
2121425
5966829
5219456
1753992
2421914
903612
3837474
9314907
4879420
7343578
6686830
538203
5311180
1548665
7516528
4530912
1321690
4188068
9677778
2566818
3069911
6363810
7902488
1995343
2187398
1967138
4300784
2461574
9997697
7671337
3038837
7371108
7890979
5292690
4467124
1782666
7860068
1796309
738660
6573166
671009
3705345
4431118
5352139
3182763
8129908
4505396
2304070
3143349
9218811
7059235
4779149
3193181
6921204
6176180
895142
8325912
5018964
8820600
2650330
7950679
4728470
4558185
4079979
3696482
1139252
6955133
398798
5045924
9516836
8956045
2880659
6248983
2999458
6647353
3569811
9280548
902314
240005
9730799
6323602
2058990
5861459
7955642
8025378
5345072
9839339
3760630
9833617
530665
3472627
6068958
3332606
2899900
225996
7978992
3660932
7210160
2334825
7560817
5497348
4015417
4291801
1240034
7545744
4259512
8906968
6486688
6554068
3671932
1871769
4188442
3876357
1801706
3178800
9434170
272689
2178120
9838893
2773439
6214292
7092735
2713468
4737142
5846595
336954
6632591
6844191
3325189
8653801
7095318
8940291
6173215
8021920
9304605
714523
3603911
2533732
6519053
9445142
9066190
6839826
9292505
6431939
3856467
7619145
708655
8229199
9325407
8495811
809455
2636453
3752529
8260463
7109104
3536366
1810047
3171323
6575590
6828363
4409454
7162283
9348150
382354
5289685
2989877
4229160
8934269
9076907
9125242
4856036
7998747
3915666
3178252
8030194
6772776
8875235
9508434
141829
6530697
8845757
9049779
7667216
1144441
9727360
4971203
7804988
1557620
9793329
4872596
5062286
4382285
5324340
1587756
5686363
5107046
2127479
7786348
5349636
6875038
9222747
3219795
3234814
1008591
7225840
4480706
1710806
5479578
4414460
2961270
9012839
5334967
2013878
7523260
9869852
905899
2178816
2158143
995023
8873649
6836017
9341421
8630099
1336459
6744055
4196907
9581651
5256067
4874543
1614713
3834037
2533401
9165031
8227591
8683083
8782788
3700141
6536697
170165
4123702
6698731
4829943
3555451
4612005
1677990
1615743
1760851
1759985
5587432
5259825
1460108
2816393
8973576
620753
4041772
8780278
5134380
6767723
3515554
4181176
6158029
8076993
4411778
5837253
530556
9865388
1960487
2434600
6100395
4424101
2229358
5974351
5264818
8964177
5254542
2665248
7470877
8189379
1978469
1284074
3779943
5072882
7760470
4742820
9992331
1200511
5112708
7897164
883943
6431595
7884332
5441254
9055578
3807806
6354856
1427174
5445140
5480042
903893
6340562
1460985
7545739
6461972
1942836
4770842
462898
9093789
7247934
6135493
8685522
2428964
5307921
2412749
9509930
8597774
809675
3287320
9769138
2276966
8536864
6297759
6412557
915021
8265213
8138148
3869433
5062643
3883096
2799249
3971437
4413349
1948853
8516037
5654769
8805951
3952183
3566203
8156880
776410
8553378
9487346
9939202
9815503
8817987
1269400
70153
9396233
3999210
341524
5569046
724456
316340
1810177
2923251
4547246
6814964
5965905
6664739
7782216
4777036
777121
3130928
5348809
5984561
1951941
3011926
2489938
1517621
7043972
4974801
5214537
9222621
7142146
8143270
3428745
7737289
3630000
8404505
667390
1480963
1653694
7637214
2948271
3988657
8847073
6624811
5185566
7253196
4470867
3216249
9901950
1769111
1392204
1482669
7514448
7240751
2577707
3008005
6307621
5568853
670383
5310999
519771
9667220
1816486
3191717
4400138
8672718
2662457
9498816
2757708
1023741
5383849
6834288
4218912
6621731
6090131
3453393
7220189
4814249
1368484
7211122
4505516
3934283
2231116
5927372
8791729
5981205
4813505
3669608
9361703
7175046
3639667
4708611
7280376
5557859
874607
7120200
5631040
7334285
1134494
5308687
975515
6503707
2054219
7470804
9778735
7467027
1178528
4752196
5505542
3155254
5655555
3793338
8055390
150476
690157
4600551
7589216
4962379
5812234
8501100
2190190
5948272
3848662
6165385
4746385
9153786
3304692
2308400
5902360
3452432
8193505
3455349
2569150
2524278
5863668
8749925
9587153
7392923
7035770
2083530
7910393
3160816
9184032
4695717
5870850
8611650
4702011
6182810
1054209
6020635
385857
9190435
7752072
5007236
8908254
9939425
7438223
9000932
7522544
9423244
7857831
1218126
2100282
9609493
6767322
5794109
8070440
3637592
1739440
8400537
5398630
1475057
3710728
8520816
2540620
7316983
5919409
9692067
2220049
9356537
5981725
5460946
9981249
7290045
5568767
2489697
4906233
6975021
3908137
5075600
2665208
3138669
6530611
3895180
1126465
1899654
2565380
7178793
4827821
8462024
775424
9470480
5426240
6531827
671895
3376658
5401608
2932654
7502931
5318723
4146817
1591256
9732454
6168336
6460903
7152342
5104580
7450296
1561653
5001846
6827241
6110957
2562869
8343502
1601312
5183487
1100850
5093226
2014085
3221451
1709054
2005075
6961406
8970935
101665
7392937
2625998
854130
2440186
9845172
6102465
1986451
2965306
7091183
1201485
5198239
6205525
5692245
8489565
2866538
8440617
2708416
3797340
5345829
8310192
986822
3097171
4469769
768275
6439764
2016139
5753810
6979393
1436341
8059389
8387494
5427792
2046144
316888
5278947
7561448
2547884
5447374
5096057
9948558
7673445
2025348
5648857
8964104
2491141
6643592
6811187
3102053
9801993
2635351
4056535
1007116
4911210
9566731
3882244
3180866
5178327
2965470
7287802
5543161
1723998
7842441
1665318
5958222
9861516
3088218
9408713
6200585
2051268
9428199
3162907
9308391
6023638
7820565
5745777
396707
2610780
9535556
8602698
3160429
3069661
6287441
6578784
4287079
2916632
6591546
5211564
899703
5936044
5848063
6346174
9375771
9805664
1373357
6902809
2293179
9365874
8543795
3038635
5961342
4581626
2046223
3395877
3275267
2011193
5475822
9760226
8654450
5424814
5483322
6886883
3157724
5715426
9141540
9724895
7447299
3685361
65574
2487616
9291492
4193202
4008269
7175454
7918515
7544703
8715103
1765498
9736922
5831032
727422
3522490
4113446
5835355
701885
9559024
4739524
5585009
9611776
2441248
4073825
8903261
8133822
2260949
6830034
2859303
8759806
6896843
4093622
8913352
9763585
4476758
3872659
181316
1678291
4977131
3748733
371591
9808885
3392873
7838154
8667571
2117924
3089837
3886348
3502161
4447732
4998591
5988383
8464642
5282156
3292972
4026682
7082373
4953795
5282468
4805925
7111484
932035
1019138
7032696
8988623
1430767
5407127
6168590
5292632
9257490
7477382
804758
2852358
7427851
140745
1045559
7600775
2072893
3170694
2985088
7059152
814634
9624640
3030517
8119728
1464774
4232762
2996190
5796238
2764382
3269869
8429489
3448785
3907893
6347622
6945649
9624868
6429856
9684934
590344
8782514
3092407
4630732
5250017
6054509
6210086
417602
6620839
8860373
23521
1377329
1618897
8864779
6173983
6227631
2124205
1135537
1455606
2460803
1297402
2668729
2468414
5590359
8567062
5400298
4912535
905946
659135
4322046
1917360
3198866
5343214
2753135
297917
1627416
5088137
354057
1072952
1879799
8136468
7088539
1168083
9923328
2869319
6350387
4261720
5975645
3312704
25503
4857132
6830211
2061263
7577586
7184901
4178198
6657751
6173689
6062475
1058300
8616870
1411624
2901478
2898910
8252319
2274499
6871247
9095380
2439067
5071452
4607995
9197215
4124202
7334526
3470157
8740144
6430070
4739429
3326112
8466577
5205952
8621344
9155833
6643969
3824263
2504727
4575867
1307970
3748650
3487456
6337446
8626001
1830916
4576032
8881513
330286
6886745
7777761
5628400
4478558
8601344
7726574
6011005
1480495
7273425
8661923
5682566
3197143
9269307
3507031
3980127
1430259
2632109
9827341
9382700
2396761
6400071
9127267
8224516
5495111
9890181
4246389
7241197
2390727
9279888
4438522
9617311
1952972
4522696
5481867
8360798
7030770
8049450
4184311
7785475
1783129
5476236
6365863
6541056
5076497
1673825
4576935
7782929
7783429
1695121
6779243
5509760
9144581
5673175
9022315
5403608
2076227
7581893
436840
6120574
7560049
7138479
4552385
1065798
1729610
3014438
2668812
5627123
9300852
4731034
8801971
9079920
5065732
2542102
7763905
6273609
6030122
7619317
384560
7451641
1320312
8452275
1504805
2456605
8594462
6205728
7045148
3635752
6220616
4824147
7846815
5890327
8900435
7556883
3861592
869086
5651635
922663
8354752
4041567
8169540
3176542
2985273
1696976
2469994
1575946
2456504
7169808
3144775
7512449
4351704
6271486
1183050
8532627
543974
510188
3186951
7865333
3458401
4897962
6773525
9741972
1571792
8252820
1681688
1094925
5601731
1707485
6822810
8425353
2467605
6991970
2160197
488542
9247687
4498430
1300352
584663
9862618
2605113
8371955
2237998
4304316
6054631
7402158
1835567
455033
5106494
5670722
9441819
6390813
4564336
1051166
4728019
7782877
4426918
5877198
3826670
1839842
3552300
1092810
3442735
8040487
1126183
4900185
4361529
5740608
9359146
6229845
9456858
519532
1337624
4420302
1885094
9259942
8800306
7214650
3909728
5849637
1178155
4755993
3452432
7945746
8014416
3356645
6324617
9960014
8708994
6223671
192354
1358309
1682547
6042728
7373243
9834299
2616862
7120542
4813732
3036840
1876744
7212966
2819236
4823622
7615936
1570876
5827067
3036181
202506
9997093
5413668
2716606
3684916
3296357
1323933
7618862
5052334
352907
6048075
3223725
696649
2926896
2619339
5129487
4474049
5406670
4812027
4142484
6427091
3951172
7153632
7207323
9691059
1477126
3628993
9616429
5808570
4095432
5334092
4201120
107347
9004903
2663015
1064973
3870746
1973589
3688977
5951900
1885004
8266498
879235
2101932
7171265
1044492
3722663
3428779
7517713
7335455
4051611
4726681
1448681
1046707
1640678
1570914
2608105
9087807
917149
9713579
106602
6064336
1312839
7473546
4105817
969249
6796987
3235984
4352361
8849253
8028377
5761561
306988
9432819
5875514
3999820
7195355
9771007
7742950
218107
9464911
8371214
8057197
1456786
592704
970649
7294465
3146611
5935943
2856609
7548529
8745488
1644799
9258511
694468
1112062
6599289
1850392
9257079
6256674
8661330
6880510
8864761
4173638
7076573
3135944
8562820
831
4843094
611308
747426
3840166
9217097
1167291
569177
8048877
9038480
7137873
2585250
9897765
2986603
6414066
5629060
9726588
6195904
9339421
823169
3568347
356684
4313135
1096943
5657836
8511524
8775551
5495918
7285994
5676502
3296694
7715552
8918502
2900636
2334817
5924415
2807958
9991772
1176115
2827479
725769
8024018
7764539
1004031
7769296
8758403
7887751
9486756
7721609
5721349
1377826
2171379
2819863
3748572
3758964
6775099
2670906
834197
5975536
3184065